Total number of reads: 7000000,,,,
Guide,Site,Number of reads covered by site,cumulative number of reads covered,cumulative percent of reads covered
1,ACCATGGTTGCAACGGGTAA,279225,279225,3.99
2,TTACGACCTTAGAGGCGTTC,279074,558299,7.98
3,GTCGGGATTATGGATTGAAA,224635,782934,11.18
4,GGAGGGAACCAGCTACTAGA,224067,1007001,14.39
5,TGGTGATATTTAGCTTTAGA,213287,1220288,17.43
6,AGAGCACTCTAATTTGTTCA,207662,1427950,20.4
7,AGATAGTAGATAGGGACAGA,205368,1633318,23.33
8,GATTGAGTCACGTTCGTTAT,193987,1827305,26.1
9,CTGCTCGTCCCTCCATCCCC,192604,2019909,28.86
10,GGACCTTGAAAATCGAAGAC,190009,2209918,31.57
11,CGGTAGCGCCTTTGTAATCA,176881,2386799,34.1
12,GATCAAGTGGAGGGCAAGTC,171284,2558083,36.54
13,CTGAGCATAAGGACAAAAGC,169237,2727320,38.96
14,ATAATTGCACAGGTTCCGCG,163337,2890657,41.3
15,ATTAAAACAAAGCATTGTGA,158936,3049593,43.57
16,TAAAGCGAAAGCATTTGCCA,155024,3204617,45.78
17,TGCTAGTGGCGGCTCCATGT,154491,3359108,47.99
18,AAATGAGATTGAGCGATAAC,146753,3505861,50.08
19,AAGATATCTGTGTGCTTAGT,143459,3649320,52.13
20,TAAGGGCTAATTGCTTCGGC,119090,3768410,53.83
21,CGTAACTTCGGGATAAGGAT,118816,3887226,55.53
22,TGTTTGTACTTAGACATGCA,115125,4002351,57.18
23,AATTTCCAGTACACGGAACC,113978,4116329,58.8
24,AAAGTACGTGAAACTGCCTA,112129,4228458,60.41
25,TAAGAGTGGTGGTATCTCAT,106302,4334760,61.93
26,AAAACTAACCTGTCTCACGA,101458,4436218,63.37
27,CGCGTCAGAATGTGAACTGC,97349,4533567,64.77
28,CATCTGGATACTCCAAGTCA,95851,4629418,66.13
29,CCACAAGCCAGTTATCCCTG,90848,4720266,67.43
30,CCTATTCTCAAACTATAAAT,89837,4810103,68.72
31,TGGTTTGTAATCAGATCAAG,86417,4896520,69.95
32,TGCCTGATCAGGTTGAAGTC,85298,4981818,71.17
33,TCGAGATACTGGAACGCTGG,81401,5063219,72.33
34,CGTCACTACCTCCCCGTGCC,81351,5144570,73.49
35,GATTGTTGCGACTATAAGAC,79828,5224398,74.63
36,ATCAGGTCACACTACACCGC,77374,5301772,75.74
37,TGAAGGCCTGTGCCGCGAGG,75965,5377737,76.82
38,CTTTCATAGAGAGATATGGT,72764,5450501,77.86
39,TCGAACTAGTATTGAGCCAT,72680,5523181,78.9
40,ATGGTGCTCTCAGTAGCTTC,70708,5593889,79.91
41,CTGTTTATTGATGACTGCAG,70110,5663999,80.91
42,GTGTGCAGCCGGGCGCGTGA,68525,5732524,81.89
43,AATCCATCGGTAGTAGCGAC,67890,5800414,82.86
44,TATCAAGCAACACGACTCCA,61658,5862072,83.74
45,CTAAGATACTGGAACGCTGG,61382,5923454,84.62
46,TCGCAACGTCCTCGTGAGGC,59492,5982946,85.47
47,CTGAGTAGCTGCGAGCGAAA,49734,6032680,86.18
48,TTCAAGCAAGCGCGGGTAAA,47830,6080510,86.86
49,AATGGATCGCAGTGTCCTCT,42794,6123304,87.48
50,TTCGTTGCGTGTTTGGCGTG,41997,6165301,88.08
51,CTATGATGCGTCGTTTATTT,40561,6205862,88.66
52,TGTTGAGCTTGACTCTAGTC,40099,6245961,89.23
53,AAGGCAGAAGACCGAGCCTG,31937,6277898,89.68
54,GATCACGCTAGCAAGTCTTG,30126,6308024,90.11
55,TCTGCCCTATCAACTATTGA,27260,6335284,90.5
56,ACAATTTTAATATACGCTAG,21370,6356654,90.81
57,CGCAATGTCCTTGTGGAAGC,20894,6377548,91.11
58,TTGGAGACCTGCTGCGGATT,20035,6397583,91.39
59,CTTGAGTTGTGCGGGATTAC,19044,6416627,91.67
60,ACAAGAAACCTTATGTTAAA,16632,6433259,91.9
61,TTTCTCAAAATTAAGGGTAG,15455,6448714,92.12
62,CGCCAGCGAGTAGGAGGGTC,15424,6464138,92.34
63,GTTGAGCAAAACTGCGGCCG,14975,6479113,92.56
64,AGTTCGTTATCTGCCGTAAC,14042,6493155,92.76
65,AAGCAAAATTCACAAAGCGT,13522,6506677,92.95
66,TTAAGCATATTAATAAGGGG,11791,6518468,93.12
67,TTAGCCAATCCTAAGCTCTA,11587,6530055,93.29
68,CTGTTATACTGAGCCTTATG,10967,6541022,93.44
69,CTATCTTGCGCGCGAGCCAA,8881,6549903,93.57
70,GACCGAACTTGATGATTTAG,8417,6558320,93.69
71,AGCGACGAGCGTTGACCCAC,8150,6566470,93.81
72,CTGCTAGCGTGATCTCACGT,7609,6574079,93.92
73,AGCTAATGACCAGCACTTAC,7499,6581578,94.02
74,AGTAGGGTCCCGCCCGCGTG,7451,6589029,94.13
75,GGATGTGGTAGCCATTTCTC,6055,6595084,94.22
76,TTTAAAGAGTTTTTAGCAAG,5759,6600843,94.3
77,GTTTACGGTTAGAACTAGGG,5664,6606507,94.38
78,TGCGTGCTCCAGCTATCCTG,5596,6612103,94.46
79,TCCACCTGATCATGTAAGTA,5364,6617467,94.54
80,CTGATAGTGTCTCCTATAGG,5268,6622735,94.61
81,CGGGAAGACCACCCGGTGTC,5199,6627934,94.68
82,GTCCAAAGGTCAGCTCAGTG,4998,6632932,94.76
83,GAAACCACAGCCAAGGGAAC,4919,6637851,94.83
84,GATAATACGTCAACTCATCG,4891,6642742,94.9
85,GGACAAGCAACCAGATGCCA,4482,6647224,94.96
86,TTGAGGCAAAGCACCCGCGA,4449,6651673,95.02
87,TTGAAACTTAAAGGAATTGA,4341,6656014,95.09
88,GCAATATGCGTTCAACTTGT,4273,6660287,95.15
89,GAGGCAAACCCCGGACCCCG,4148,6664435,95.21
90,TGGTTCCTCTCGTACTGCAC,4135,6668570,95.27
91,GTGACGCTTGAGTTGAAATC,4078,6672648,95.32
92,GTAAACCTATCGTTTGTAGG,3988,6676636,95.38
93,GAGAAGCCAACAAGAGATAT,3935,6680571,95.44
94,GGTAAGCAGAACTGGTGCTG,3730,6684301,95.49
95,TGCTTTTCAACTTTCCCTCA,3671,6687972,95.54
96,GGAGCCCGATGCATTCAGGT,3606,6691578,95.59
97,CGTGCAGCCCAGAACATCTA,3594,6695172,95.65
98,GGACCTTGAAAATCGTAGAC,3050,6698222,95.69
99,ACGGGCCTATCACCCTCTAT,3017,6701239,95.73
100,GCAAATCGATTGTCAGAATT,2996,6704235,95.77
101,TGAACCGAGCATAAATCCTT,2914,6707149,95.82
102,GATAAAATCGAGGTACCTTC,2862,6710011,95.86
103,TCACTGATGTCTCAAAGTGC,2809,6712820,95.9
104,GAGATCTTGGATGACTGAAG,2477,6715297,95.93
105,CACGTTGACATTCAGAGCAC,2400,6717697,95.97
106,CATGCCTGGTATAACACCCG,2377,6720074,96
107,ATAAGAGGTGCAGAATAGGT,2251,6722325,96.03
108,ACAGGCTCCGGAATTGTAAC,2197,6724522,96.06
109,CAGATATCTTGTACGTCGAC,2187,6726709,96.1
110,AGGAGGTAAGTGCCCTGCGG,2112,6728821,96.13
111,GCAGTATTTTGACTGTGCGA,1986,6730807,96.15
112,ACGGGTGCTACTCCTAATGA,1947,6732754,96.18
113,TTAAGATCATTTCGAACCTA,1892,6734646,96.21
114,AGTTGTTACACACTCCTTAG,1811,6736457,96.24
115,GGAATAATGGAATATGACCT,1770,6738227,96.26
116,CAGATCATGTAAGAATTCAA,1696,6739923,96.28
117,TGAGCATAAATCCTTCAACA,1618,6741541,96.31
118,TTGCTAGCGTGATCTCACGT,1592,6743133,96.33
119,TAATTAGTGACGCGCATGAA,1556,6744689,96.35
120,CTATCTTGCGCGCAAGCCAA,1452,6746141,96.37
121,GATTCCCGCGTACACCGTCT,1394,6747535,96.39
122,GCAGGATGTGACCCGAAAGA,1376,6748911,96.41
123,TTTCCCGCGCCTTTCGGCGT,1348,6750259,96.43
124,AGCTAATACATGCAAAATGC,1346,6751605,96.45
125,CATTAGTATTACGGCGCGAG,1287,6752892,96.47
126,GGTAATAGCAGCTGGGCTTG,1248,6754140,96.49
127,GTTGAACTCGATTATCCGAG,1209,6755349,96.5
128,CAGTCAGATGTTGATACCGT,1168,6756517,96.52
129,GTTTGCCTATACATTACCGC,1166,6757683,96.54
130,GAAATGCTGTGCAGTACGAG,1162,6758845,96.55
131,AGCATACGAGACGGTGCGCG,1139,6759984,96.57
132,CGAGTAGCTGCGAGCGAAAA,1133,6761117,96.59
133,CAAAAATGTGTACATCGTAC,1098,6762215,96.6
134,GCGAGTAGACAAGTGCCCTG,1058,6763273,96.62
135,GGGCGCGATTAGTACTTAGA,1020,6764293,96.63
136,AAATTACGCTGTTATCCCTA,991,6765284,96.65
137,TTCAGTCATGTCGTCATTCC,969,6766253,96.66
138,GTGACGCTGGAGTTGAAATC,965,6767218,96.67
139,GAGAAGCCAACAAGAGACAT,911,6768129,96.69
140,AGTTCGTGGAATGATTTGTC,905,6769034,96.7
141,CTGTGTCGATATTCTCTTCT,885,6769919,96.71
142,GTTCAGTCATGTCGTCATAC,825,6770744,96.72
143,GAAACGCTGCACCCGATGAA,803,6771547,96.74
144,TAATCAAGAACGAAAGTTAG,790,6772337,96.75
145,CGACCGGCACGCCCAGGCAA,769,6773106,96.76
146,TTACTCCCAGAGAGGGTGAT,767,6773873,96.77
147,TTCAGAACTGGCACGGCTGA,763,6774636,96.78
148,TTCTGACGCGCATTTAGCTG,738,6775374,96.79
149,CGCGGTATGTTATGGCACCG,723,6776097,96.8
150,GCCAAGCGTTCATAGCGACG,716,6776813,96.81
151,ATGTTATTGCTATGCAACGT,712,6777525,96.82
152,TTTGCTGCGCTTAGGTGCGC,696,6778221,96.83
153,TATTGACGGTCAGCTTAGTG,686,6778907,96.84
154,CTGTCTTACCTCAATAAGTT,673,6779580,96.85
155,CGACTAGAGACTCTAAACCT,670,6780250,96.86
156,GTTTTGCTGCCTTCGGTGGC,652,6780902,96.87
157,CGATCGACAGTCCGTCACCT,605,6781507,96.88
158,TTGATCGCATGGTCTCGCAC,589,6782096,96.89
159,TGCACACTCACGGTATGTTG,560,6782656,96.9
160,CGGAGGCAAACGACCGCACG,557,6783213,96.9
161,AGAACTGAGCGTCGCTACTG,547,6783760,96.91
162,ATATTGAGACAGCGAAAGCT,546,6784306,96.92
163,GTCTCCGCGGTAAGCAGTAG,544,6784850,96.93
164,CAGCGATTCAAATGTAATCC,541,6785391,96.93
165,TAATTGAAGGCTTGTATGAA,533,6785924,96.94
166,GTACTCAGTTGAAACACCAA,517,6786441,96.95
167,AGTGATTTCCCGTCCCTTTC,502,6786943,96.96
168,TGCCAGGTGCGGAGTTTGAC,495,6787438,96.96
169,TGCTGTTGCAACGTTGACGC,494,6787932,96.97
170,TGGTATAACGCTACGTTCGT,494,6788426,96.98
171,TGTCGGGCGATTGCCCCTTG,481,6788907,96.98
172,AAGCAGAAGTCAACCACGAT,472,6789379,96.99
173,TGTTGATTGCTACAGACAGC,465,6789844,97
174,TAATTGGAGGCTTGTATGAA,458,6790302,97
175,GTAATATACGCTTGTCTCAA,457,6790759,97.01
176,TGCGAGAGACAAGTGCCCTG,454,6791213,97.02
177,GTTTGCATTGGCGGTAATAC,450,6791663,97.02
178,TATCCTTGCCCGAAAGGGCC,440,6792103,97.03
179,CCTGCTGCCTTCCTTGGATG,430,6792533,97.04
180,CACATGAGGGATAATCGCAG,423,6792956,97.04
181,AGCTGGAGCACGCAACATTT,414,6793370,97.05
182,ACAGTCCGTCACCATGGTGG,413,6793783,97.05
183,ACACTTTCTGTCCTCGGCCT,408,6794191,97.06
184,CATCGGCGCCCAAGCCAGGT,407,6794598,97.07
185,AGATCATTTACCTAGTTACT,402,6795000,97.07
186,GCTGGAATTACCGCGGCTGC,386,6795386,97.08
187,TAATGATTAACAGAAGTAGT,373,6795759,97.08
188,AAGACATGTTTTTGATAAAC,370,6796129,97.09
189,ATATTTGAAAGATCTGTCGT,362,6796491,97.09
190,ATAGTGCAGCACAAAGTGGG,355,6796846,97.1
191,GGGAGTTGCGAGTTGCAGAG,354,6797200,97.1
192,GTTGCCTCACTTACATGATC,354,6797554,97.11
