Total number of reads: 2952024,,,,
Guide,Site,Number of reads covered by site,cumulative number of reads covered,cumulative percent of reads covered
1,AGTTGGTGGAGCGATTTGTC,133108,133108,4.509041932
2,CGTGGTCACCATGGTAGGCA,111242,244350,8.277371729
3,GGTAAGCAGAACTGGCGCTG,102706,347056,11.75654398
4,GTTTATGGTCGGAACTACGA,89093,436149,14.774575
5,GGAGGGAACCAGCTACTAGA,84287,520436,17.62980247
6,CACAGTTATCCAAGTAGGAG,80601,601037,20.36016645
7,TCCCCGATCCCCATCACGAA,79162,680199,23.04178421
8,CTCCAATGGATCCTCGTTAA,69626,749825,25.40036937
9,TTTTTCAAAGTAAACGCTTC,67049,816874,27.6716585
10,GCAGTTGAACATGGGTCAGT,65721,882595,29.89796153
11,TGTTATTGCTCAATCTCGGG,60801,943396,31.95759926
12,AGACATTTGGTGTATGTGCT,60105,1003501,33.99365994
13,TCTAGAGTCACCAAAGCCGC,59945,1063446,36.02430062
14,TTCTTTTCAACTTTCCCTTA,57681,1121127,37.97824814
15,TCAGGGCTAGTTGATTCGGC,57162,1178289,39.91461452
16,GAGGCCTCGGGATCCCACCT,50502,1228791,41.62537296
17,TAGAGGTGAAATTCTTGGAC,48135,1276926,43.25594914
18,GTTTCGCTGGATAGTAGGTA,47176,1324102,44.85403913
19,TTACCGCACTGGACGCCTCG,46343,1370445,46.42391119
20,TGACCTTTTGGGTTTTAAGC,42310,1412755,47.85716512
21,CTGGCATGTTGGAACAATGT,39318,1452073,49.18906486
22,CTTTAAATGGGTAAGAAGCC,35356,1487429,50.3867516
23,GGCGAAGCCAGAGGAAACTC,35119,1522548,51.57640995
24,CATCGCGTCAACACCCGCCG,35076,1557624,52.76461167
25,CAAAGTCTTTGGGTTCCGGG,32326,1589950,53.85965697
26,ATTCCCAAGCAACCCGACTC,30178,1620128,54.88193863
27,GGTTCTATTTTGTTGGTTTT,29156,1649284,55.86959998
28,AAAAGCTCGTAGTTGGATCT,28306,1677590,56.82846752
29,AAGGGCCAGCGAGAGCTCAC,26986,1704576,57.74261998
30,ATCCAATCGGTAGTAGCGAC,25985,1730561,58.6228635
31,CCCCGAGGGGCTCTCGCTTC,25675,1756236,59.49260575
32,AGGTGTCCTAAGGCGAGCTC,24988,1781224,60.33907583
33,AGCTTGACTCTAGTCTGGCA,24513,1805737,61.16945526
34,CGAAACCCCGACCCAGAAGC,23714,1829451,61.97276851
35,TTTTTCGTCACTACCTCCCC,20359,1849810,62.66243093
36,CGTGCGTACTTAGACATGCA,20164,1869974,63.34548771
37,GAGAACTTTGAAGGCCGAAG,16484,1886458,63.90388425
38,GGCCCAAGTCCTTCTGATCG,16013,1902471,64.44632564
39,GAAAGATCCGCCGGGACCAC,15688,1918159,64.97775763
40,ATAGCTCTTTCTCGATTCCG,15598,1933757,65.50614087
41,GCGACGTCGCTATGAACGCT,14921,1948678,66.01159069
42,GTCTGATGAGCGTCGGCATC,14635,1963313,66.50735224
43,GCAACAACACATCATCAGTA,14012,1977325,66.98200963
44,ATCAGGGTTCGATTCCGGAG,12449,1989774,67.40372029
45,ACGCTCGTGCTCCACCTCCC,11193,2000967,67.78288388
46,GCCAGAGTCTCGTTCGTTAT,10961,2011928,68.15418845
47,AAGTCAGAATCCCGCCCAGG,10637,2022565,68.5145175
48,AGCTTATGACCCGCACTTAC,10259,2032824,68.86204177
49,GGTCGAACTTGACTATCTAG,10202,2043026,69.20763517
50,GAAGTTTCCCTCAGGATAGC,9461,2052487,69.52812714
51,TGAGAGTAGTGGTATTTCAC,8714,2061201,69.82331444
52,GCGATGGCCTCCGTTGCCCT,8363,2069564,70.1066116
53,CATTAATCAAGAACGAAAGT,8268,2077832,70.38669062
54,CAGCCGACTTAGAACTGGTG,7347,2085179,70.63557071
55,GTGTAGCGCGCGTGCAGCCC,7261,2092440,70.88153755
56,CTAACGCGTGCGCGAGTCAG,5866,2098306,71.08024867
57,GCTTTTGCCCTTCTGCTCCA,5442,2103748,71.26459676
58,CTGATCTCGGAAGCTAAGCA,5142,2108890,71.43878234
59,TAAGGATTGGCTCTAAGGGC,4714,2113604,71.59846939
60,TTGTGAAGGGCAGGGCGCCC,4642,2118246,71.75571743
61,TTATCAGATCAAAACCAACC,4627,2122873,71.91245735
62,CGAATGGGTCGTCGCCGCCA,4346,2127219,72.05967838
63,TTAATATACGCTATTGGAGC,4150,2131369,72.20025989
64,CCAGGTGGGGAGTTTGACTG,3796,2135165,72.32884963
65,CAACTTCTTAGAGGGACAAG,3396,2138561,72.44388935
66,AATGGATGGCGCTGGAGCGT,3052,2141613,72.54727604
67,TGCAAATCGGTCGTCCGACC,3026,2144639,72.64978198
68,CGGACGGGGACCCGGCTATC,2929,2147568,72.74900204
69,TGTTGGTTGATATAGACAGC,2679,2150247,72.83975334
70,ATGGAGTTTACCACCCGCTT,2610,2152857,72.92816725
71,CCGGTAAAGCGAATGATTAG,2609,2155466,73.01654729
72,CTCTTTCGAGGCCCTGTAAT,2499,2157965,73.10120107
73,GTGATTATGCTACCTTTGCA,2393,2160358,73.1822641
74,GAAACCGTTAAGAGGTAAAC,2340,2162698,73.26153175
75,GAGAGGCAAGGGGCGGGGAC,2152,2164850,73.33443089
76,AGGCACTCGCATTCCACGCC,2115,2166965,73.40607664
77,CGGGCTTGGCGGAATCAGCG,1995,2168960,73.4736574
78,TTGAGACAAGCATATGCTAC,1900,2170860,73.53802002
79,CTGCGGATATGGGTACGGCC,1759,2172619,73.59760625
80,CAAATTACCCACTCCCGACC,1679,2174298,73.65448248
81,AATAAGACGAGAAGACCCTA,1649,2175947,73.71034246
82,CTTTGCAACCATACTCCCCC,1595,2177542,73.76437319
83,CGGTTCCTCTCGTACTGAGC,1428,2178970,73.81274678
84,CTTGGCAAATGCTTTCGCTC,1411,2180381,73.86054449
85,GCACGGTGAAGAGACATGAG,1357,2181738,73.90651296
86,GCGTTATTCCCATGACCCGC,1323,2183061,73.95132966
87,GGGCGCCTTAACCCGGCGTT,1309,2184370,73.99567212
88,CAAAGCAGGCCCGAGCCGCC,1293,2185663,74.03947258
89,TAAATCAGTTATGGTTCCTT,1282,2186945,74.08290041
90,CATTGCGCCACGGCGGCTTT,1277,2188222,74.12615887
91,GTGGAGGGGTCGGGAGGAAC,1014,2189236,74.16050818
92,GCAATTATTCCCCATGAACG,992,2190228,74.19411224
93,TTCAGTCATAATCCCACAGA,973,2191201,74.22707268
94,ACGAATACAGACCGTGAAAG,912,2192113,74.25796674
95,GAACTGAGGCCATGATTAAG,825,2192938,74.28591366
96,GACTACCATCGAAAGTTGAT,802,2193740,74.31308147