Total number of reads: 3800000,,,,,,
Guide,Site,Number of reads covered by site,cumulative number of reads covered,cumulative percent of reads covered,,
1,GAGACTCTAGCCTATTAAAT,131192,131192,0.034524211,,
2,ACCATGGTTGTTACGGGTAA,119121,250313,0.065871842,,
3,AGGAGATCGAGTCCCTGGAA,112549,362862,0.09549,,
4,GTGCTTGGTCGAGAGACCAG,111922,474784,0.124943158,,
5,GCCGCCGCTGGTGCAGATCT,110211,584995,0.153946053,,
6,TGGGTGGTAAACTCCATCTA,108334,693329,0.182455,,
7,TCGGGGCTAGTTGCTTCGGC,105777,799106,0.210291053,,
8,GCAATTGTTCCCCTTGAACG,101459,900565,0.236990789,,
9,CGGGAAATGTGGTGTATGGG,100016,1000581,0.263310789,,
10,AAAATTAGAGTGCTCAACGC,97403,1097984,0.288943158,,
11,GCCAGAGGAAACTCTGGTGG,96202,1194186,0.314259474,,
12,CACGTTGACATTCAGAGCAC,95693,1289879,0.339441842,,
13,CTTTAAGAGTTTTAAGCAAG,90035,1379914,0.363135263,,
14,ACCTATTCTCAAACTTTCAA,89953,1469867,0.386807105,,
15,ACTCTGTGAAGAGACATGAG,84064,1553931,0.408929211,,
16,TCTTCCTACTTGGATAACTG,78193,1632124,0.429506316,,
17,GAGTAACTCAGGCGGATCGC,77334,1709458,0.449857368,,
18,CTGCGGATGTGGGTACGGTC,76056,1785514,0.469872105,,
19,GACGACTTAGGTACCTGTCG,72762,1858276,0.48902,,
20,CGCAGTAGTTCGTCTTGCGA,70099,1928375,0.507467105,,
21,GTTCCGAGGACAGTGTCAGG,68194,1996569,0.525412895,,
22,ACACTCTAAATCCTTTAACG,66749,2063318,0.542978421,,
23,CTCCTTGTGGGGGCCCGTTC,66529,2129847,0.560486053,,
24,GGGCGCCTTACCCCGGCGTT,65623,2195470,0.577755263,,
25,CTGTGATGCCCTTAGATGTC,61379,2256849,0.593907632,,
26,GTTTCCCGCTCCGCATCCGG,59734,2316583,0.609627105,,
27,ATAACTTTGTGCTGATCGCA,59190,2375773,0.625203421,,
28,GGAAGGTCCCGACGCTGGTC,58990,2434763,0.640727105,,
29,TGCGATCCCGGGCCGCCCAG,54352,2489115,0.655030263,,
30,GAAACCGCTTAGAGTAAAAC,52534,2541649,0.668855,,
31,AGATAGTAGATAGGGACAGT,52273,2593922,0.682611053,,
32,TTCGGACCCCTGTGCGGTCC,50290,2644212,0.695845263,,
33,CGTCGTCGAGCCGGGAATCG,46787,2690999,0.708157632,,
34,AAGCAGAATTCGCCAAGCGT,42725,2733724,0.719401053,,
35,GAAACCTCGCGTAGAGCAAA,40261,2773985,0.729996053,,
36,CAAAACGGATCCGTAACCTT,40176,2814161,0.740568684,,
37,AACTCAGAACTGGCACGGAC,38721,2852882,0.750758421,,
38,TCATCGTTTCTTTACTTACT,38485,2891367,0.760886053,,
39,GGAGGGAACCAGCTACTAGA,37285,2928652,0.770697895,,
40,GCGGTTAAAAAGCTCGTAGT,36375,2965027,0.780270263,,
41,ATTCAATCGGTAGTAGCGAC,35175,3000202,0.789526842,,
42,CGAGACTTGGTGTGAATTGC,30452,3030654,0.797540526,,
43,CGGCGGGCTGCCGCGCTTCC,30290,3060944,0.805511579,,
44,CCGCTGGAGGTGACCGGCGA,26450,3087394,0.812472105,,
45,CCACATCCAAGGAAGGCAGC,26328,3113722,0.819400526,,
46,ACGGGCCTGGCACCCACTCT,26307,3140029,0.826323421,,
47,CGAACTTCTCGTGCACGGCG,26198,3166227,0.833217632,,
48,GGCACGCAGACGCGGTCTCC,23125,3189352,0.839303158,,
49,CGGGTTGGTCCCGTGGCGGC,21090,3210442,0.844853158,,
50,GGTGCATGGCCGTTCTTAGT,17259,3227701,0.849395,,
51,GTTGCCGCACTGGGTCCCGA,17017,3244718,0.853873158,,
52,GTGCATCTGCCGGCAGCGGC,16592,3261310,0.858239474,,
53,AAAACTAACCTGTCTCACGA,14200,3275510,0.861976316,,
54,GTTTCTGTTCTGTTGGTTTT,12246,3287756,0.865198947,,
55,GGCCCTTGAAAATCCGAGTG,10629,3298385,0.867996053,,
56,TTCAGTCGTAATCCCACGGA,10247,3308632,0.870692632,,
57,GAGGCGGGTTCTTTCCGCGG,10121,3318753,0.873356053,,
58,TGCCGGCGACGGCCGGGGAT,9978,3328731,0.875981842,,
59,GCGGAGGAAAAGAAACCAAC,9609,3338340,0.878510526,,
60,GAGAACCTTGAGGACTGAAG,9501,3347841,0.881010789,,
61,CTGAAACTTAAAGGAATTGA,9489,3357330,0.883507895,,
62,CTGATTTAATGAGCCATTCG,7529,3364859,0.885489211,,
63,TAATTAGTGACGCGCATGAA,6202,3371061,0.887121316,,
64,ACATCATGCCTGTCGTGGCT,5870,3376931,0.888666053,,
65,TTCAGTCCGAGCCGTCGCAT,5722,3382653,0.890171842,,
66,TCGCTCCTCCTTAGGCGACC,5078,3387731,0.891508158,,
67,TGGTCCTTCGGGGCCCAGTG,5072,3392803,0.892842895,,
68,GGCATAGTTCACCATCTTTC,5042,3397845,0.894169737,,
69,AGACAGCAGGACGGTGGCCA,4994,3402839,0.895483947,,
70,AAAGTTACCACAGGGATAAC,4645,3407484,0.896706316,,
71,TTCTTTTCAACTTTCCCTCA,4298,3411782,0.897837368,,
72,GGTAAGCAGAACTGGCGCTG,4286,3416068,0.898965263,,
73,TAACATGTGCGCGAGTCAAT,4045,3420113,0.900029737,,
74,TGCAGTGCCGTTCCTGCTTC,3778,3423891,0.901023947,,
75,CTGGTCGCTCTCCGGGGCTA,3677,3427568,0.901991579,,
76,CCGCACGCGCGCTACACTGA,3558,3431126,0.902927895,,
77,TGCTGCCTCCCGTAGGAGTC,2936,3434062,0.903700526,,
78,TTTATTAGACCAAGATCAAT,2899,3436961,0.904463421,,
79,ATTAAAACAAAGCATTGCGA,2826,3439787,0.905207105,,
80,CGGTGAAATGCGCAGATATC,2826,3442613,0.905950789,,
81,GACCAAACTTGATCATTTAG,2812,3445425,0.906690789,,
82,TATTGGAGCTGGAATTACCG,2600,3448025,0.907375,,
83,TTGCTCTGTTTCGTGCGGCT,2582,3450607,0.908054474,,
84,AAGCGAATGATTAGAGGCAT,2528,3453135,0.908719737,,
85,TAAGTTCCGACCTGCACGAA,2525,3455660,0.909384211,,
86,CCGCGCGGTGCCGCGCACTC,2477,3458137,0.910036053,,
87,TTCACCTTGGAGACCTGCTG,2459,3460596,0.910683158,,
88,CACACCAAAAACGAGTGCAT,2366,3462962,0.911305789,,
89,AACGAAAGTTAGAGGTTCGA,2299,3465261,0.911910789,,
90,AGCTTATGACTCGCGCTTAC,2295,3467556,0.912514737,,
91,GGGGCGGTACATCTGTCAAA,2256,3469812,0.913108421,,
92,CGCGGCGTTCTACCGGCGGT,2206,3472018,0.913688947,,
93,GGCCGAAACCCGATCGATCT,2202,3476423,0.914848158,,
94,TAAAACTCAAAGGAATTGAC,2120,3478543,0.915406053,,
95,AGGGAGTAGCCCATGAGGCC,2099,3480642,0.915958421,,
96,CGCTAAGCTGGGCGTCGATA,2035,3482677,0.916493947,,
97,GGTGCAAGTCCCCCTGACAG,1984,3484661,0.917016053,,
98,TTGAGAGCTCTTTCTTGATT,1981,3486642,0.917537368,,
99,GACTAGAGTCAAGCTCAACA,1973,3488615,0.918056579,,
100,CGGAGAGGGAGCCTGAGAAA,1968,3490583,0.918574474,,
101,CGCTGCACCTAAATGCATTT,1897,3492480,0.919073684,,
102,CTACGTATTACCGCGGCTGC,1833,3494313,0.919556053,,
103,GCAGTTGAACATGGGTCAGT,1799,3496112,0.920029474,,
104,GGGCTGTTCGCCCATTAAAG,1788,3497900,0.9205,,
105,GCAAAATGCCCCCGTAACTT,1704,3499604,0.920948421,,
106,GCTGCGGTGAATACGTTCCC,1666,3501270,0.921386842,,
107,GCGGCCTATCAGCTTGTTGG,1651,3502921,0.921821316,,
108,TCGCAGGCTCATTCTTCAAA,1620,3504541,0.922247632,,
109,CTTTGCAACCATACTTCCCC,1584,3506125,0.922664474,,
110,GCCCAAAGGTTCCCTCAGCC,1579,3507704,0.92308,,
111,AACCGCTGAAAGCATCTAAG,1563,3509267,0.923491316,,
112,GTGACGAAAAATAACAATAC,1525,3510792,0.923892632,,
113,GAAGTTTCCCTCAGGATAGC,1514,3512306,0.924291053,,
114,TGATCAAGAACGAAAGTCAG,1482,3513788,0.924681053,,
115,ATCGCTTGGCGCTAGAAGCG,1442,3515230,0.925060526,,
116,GGGGTCAACTCGGAGGAAGG,1418,3516648,0.925433684,,
117,AGAGTTTTCTTTTCTCTGTA,1402,3518050,0.925802632,,
118,TAGACGGGATTCTGACTTAG,1361,3519411,0.926160789,,
119,GCGAACAGGATTAGATACCC,1352,3520763,0.926516579,,
120,TTGAACGCACATTGCGGCCT,1324,3522087,0.926865,,
121,GGCGGTGTGTACAAAGGGCA,1280,3523367,0.927201842,,
122,TAATGATTAAGAGGGACAGA,1274,3524641,0.927537105,,
123,AGTTGTTACACACTCCTTAG,1245,3525886,0.927864737,,
124,CAGCTCGTGTCGTGAGATGT,1201,3527087,0.928180789,,
125,CCTACCATCGAAAGTTGATA,1194,3528281,0.928495,,
126,ACGCCTGTCGGCCTCGCCTT,1192,3529473,0.928808684,,
127,GTTCGGGCCTCCCGACAGCC,1188,3530661,0.929121316,,
128,GCCCCACACGCTCACGTCGC,1181,3531842,0.929432105,,
129,GGCATGTACTTAGACATGCA,1146,3532988,0.929733684,,
130,GACTGACGCCTGCCCGGTGC,1128,3534116,0.930030526,,
131,GATCCGAGGATGTCCGAATG,1106,3535222,0.930321579,,
132,ATAGTTTGCGACCTCGATGT,1069,3536291,0.930602895,,
133,GCTGCCGCCAGTGCAGATCT,1051,3537342,0.930879474,,
134,AGATCAGCCTGTTATCCCCG,1035,3538377,0.931151842,,
135,GGTGAAAAGTACCCCGGGAG,1031,3539408,0.931423158,,
136,GCTTTTTGATCCTTCGATGT,1004,3540412,0.931687368,,
137,AGAGCGCGGCAGTGAGACTG,996,3541408,0.931949474,,
138,GGTAAGCAGAACTGGCGATG,996,3542404,0.932211579,,
139,GCTAGAGTCTCGTTCGTTAT,992,3543396,0.932472632,,
140,CGGGTGGTAAACTCCATCTA,982,3544378,0.932731053,,
141,CTGTGTAGTTAGCTGGCAAT,972,3545350,0.932986842,,
142,CGAACGGGTGAGTAACACGT,913,3546263,0.933227105,,
143,GCGGTGAGCGTTGAAGGTGT,908,3547171,0.933466053,,
144,TGAAACATCTCAGTACCCGC,894,3548065,0.933701316,,
145,ACCACCAAGATCTGCACTAG,892,3548957,0.933936053,,
146,TGTGGAAAGCCTCAGCTGCG,883,3549840,0.934168421,,
147,TCGCCCCGAGATAGGGATGG,872,3550712,0.934397895,,
148,GGGCGTAAAGAGCTCGTAGG,867,3551579,0.934626053,,
149,AAACTATGCCGACTAGGGAT,851,3552430,0.93485,,
150,GGACTATCGGCTCAAGCCGA,829,3553259,0.935068158,,
151,CTCTCAAGCAACCCGACTCA,810,3554069,0.935281316,,
152,GGGGGATTCGGTGCTGGGCT,801,3554870,0.935492105,,
153,CTGTGGCTGCCCCCGTCAAG,793,3555663,0.935700789,,
154,TCACTCTACTTGTGCGCTAT,789,3556452,0.935908421,,
155,AAAATTAGAGTGTTCAAAGC,782,3557234,0.936114211,,
156,CTCCCGCGGAGGCGCTATCG,766,3558000,0.936315789,,
157,GGCGTCCGCAATGAATCTTG,758,3558758,0.936515263,,
158,GAGTAACTATGACTCTCTTG,728,3559486,0.936706842,,
159,GACGAGTGAGCGCCTGGGAC,725,3560211,0.936897632,,
160,TACTGGGAATTCCTCGTTCA,708,3560919,0.937083947,,
161,AGTGCCAAGTGGGCCACTTT,706,3561625,0.937269737,,
162,GATTCAGTCTTGGTGTGACG,704,3562329,0.937455,,
163,AAGCCGGTCTCAGTTCGGAT,697,3563026,0.937638421,,
164,GGCACGAAGCTACCATCCGT,692,3563718,0.937820526,,
165,AGCGAAAGCGAGTCTGAATA,668,3564386,0.937996316,,
166,GTAGGACGCCGCGACGGGCA,664,3565050,0.938171053,,
167,AGCGGAGACTGCCATTTACG,655,3565705,0.938343421,,
168,GCACAGCTGTGGCTTTCCAC,655,3566360,0.938515789,,
169,CTCTACCTGACCACCTGTGT,654,3567014,0.938687895,,
170,AGAGTTTCTCGGGTCGATCG,647,3567661,0.938858158,,
171,CTCAGTACGAGAGGAACCGC,637,3568298,0.939025789,,
172,GTGTCGGGCGTGAGCCCGCC,617,3568915,0.939188158,,
173,GTGAATCTGCCGGGACCACC,614,3569529,0.939349737,,
174,AGAGGTGTAGCATAAGTGGG,613,3570142,0.939511053,,
175,GGAGTTAGCAAATGCACGAG,607,3570749,0.939670789,,
176,ATCGAGGGGCCCCGCTTTCG,606,3571355,0.939830263,,
177,GATCCGAGGGTGTCCGAATG,602,3571957,0.939988684,,
178,AAAGAAACGTCGCCGGCTCG,598,3572555,0.940146053,,
179,TGTCTTCGGGCGCAACAAGA,591,3573146,0.940301579,,
180,AAACGTCAGGGGGAAATACC,585,3573731,0.940455526,,
181,GAGGGATTCGGTGCTGGGCT,584,3574315,0.940609211,,
182,CAGAGGAATTTGCTCTGTAA,553,3574868,0.940754737,,
183,CGTAGCCTCGGGTCACCTTC,552,3575420,0.9409,,
184,AAACAGCTTGCCTGGAGATA,550,3575970,0.941044737,,
185,TAGAGGTGAAATTCTTGGAC,545,3576515,0.941188158,,
186,CCAATACCAAGCTATAGTAA,541,3577056,0.941330526,,
187,TAATAAATGCGTCCGCCTTG,531,3577587,0.941470263,,
188,AAGAGTGCGTAATAGCTCAC,521,3578108,0.941607368,,
189,TAGAACGTCGTGAGACAGTT,517,3578625,0.941743421,,
190,ATTGTGTGCCTCGAGAAGGC,512,3579137,0.941878158,,
191,AGAATTACTATCGCAACGAC,506,3579643,0.942011316,,