Total number of reads: 7600000,,,,,,,,,,
Guide,Site,Number of reads covered by site,cumulative number of reads covered,cumulative percent of reads covered,,,,,,
1,GAGGCCTCTCCAGTCCGCCG,221542,221542,2.915026316,,,,,,
2,TCCGATAACGAACGAGACTC,212918,434460,5.716578947,,,,,,
3,TTTTTCAAAGTAAACGCTTC,199360,633820,8.339736842,,,,,,
4,AGGCACTCGCATTCCACGCC,186872,820692,10.79857895,,,,,,
5,TCCCCGATCCCCATCACGAA,176766,997458,13.12444737,,,,,,
6,GAATAACGCCGCCGCATCGC,160523,1157981,15.23659211,,,,,,
7,CACAGTTATCCAAGTAGGAG,158914,1316895,17.32756579,,,,,,
8,GCCGCCGCAGGTGCAGATCT,156162,1473057,19.38232895,,,,,,
9,TAGAGGTGAAATTCTTGGAC,150866,1623923,21.36740789,,,,,,
10,GGCGCGGGACATGTGGCGTA,145813,1769736,23.286,,,,,,
11,TCAGGGCTAGTTGATTCGGC,144499,1914235,25.18730263,,,,,,
12,GAAGTTTCCCTCAGGATAGC,144076,2058311,27.08303947,,,,,,
13,GTGCGGAGTGCCCTTCGTCC,140502,2198813,28.93175,,,,,,
14,TTAATATACGCTATTGGAGC,134268,2333081,30.69843421,,,,,,
15,ATTCCCAAGCAACCCGACTC,131024,2464105,32.42243421,,,,,,
16,TTTCGATCGGCCGAGGGCAA,127861,2591966,34.10481579,,,,,,
17,AGACATTTGGTGTATGTGCT,127056,2719022,35.77660526,,,,,,
18,TCTAGAGTCACCAAAGCCGC,114501,2833523,37.28319737,,,,,,
19,TGGATAGTAGGTAGGGACAG,99325,2932848,38.59010526,,,,,,
20,TCAGGGTTCGATTCCGGAGA,95162,3028010,39.84223684,,,,,,
21,GAGATTTACACCCTCTCCCC,94960,3122970,41.09171053,,,,,,
22,ACCTCCACCAGAGTTTCCTC,89084,3212054,42.26386842,,,,,,
23,TGTTATTGCTCAATCTCGGG,81944,3293998,43.34207895,,,,,,
24,TGACCTTTTGGGTTTTAAGC,80226,3374224,44.39768421,,,,,,
25,GTATTTCACCGGCGGCCCGC,78213,3452437,45.42680263,,,,,,
26,CTCTTTCGAGGCCCTGTAAT,75915,3528352,46.42568421,,,,,,
27,TGGTGTGCGTCGGAGGGCGG,72839,3601191,47.38409211,,,,,,
28,CGGCTATCCGAGGCCAACCG,72324,3673515,48.33572368,,,,,,
29,GTTTAGTGAGGCCCTCGGAT,72020,3745535,49.28335526,,,,,,
30,CCTGGCACTGTCCCCGGAGC,62218,3807753,50.10201316,,,,,,
31,TGAAGAAATTCAATGAAGCG,58568,3866321,50.87264474,,,,,,
32,GAGTTCTCTTTTCTTTGTGA,54345,3920666,51.58771053,,,,,,
33,GGATTGTTCACCCACTAATA,51636,3972302,52.26713158,,,,,,
34,CAAGCCGGATCCGTAACTTC,45991,4018293,52.87227632,,,,,,
35,AATCCTCCGGGCGGACTGCG,44988,4063281,53.46422368,,,,,,
36,CGGCATCGGGCGCCTTAACC,43374,4106655,54.03493421,,,,,,
37,GGTTCTATTTTGTTGGTTTT,40436,4147091,54.56698684,,,,,,
38,TTTCTCGATTCCGTGGGTGG,39751,4186842,55.09002632,,,,,,
39,GAGAGGCAAGGGGCGGGGAC,38125,4224967,55.59167105,,,,,,
40,TGTTGAGCTTGACTCTAGTC,36887,4261854,56.07702632,,,,,,
41,TCGGCGAGTGCTGCTGCCGG,35289,4297143,56.54135526,,,,,,
42,ATGTTCAACTGCTGTTCACA,34518,4331661,56.99553947,,,,,,
43,CGTCACGCACCGCACGTTCG,33710,4365371,57.43909211,,,,,,
44,TCGTCGCGGCGTAGCGTCCG,32164,4397535,57.86230263,,,,,,
45,GACTGTCCCCAGTGCGCCCC,28513,4426048,58.23747368,,,,,,
46,AGAATAGGTTGAGATCGTTT,28446,4454494,58.61176316,,,,,,
47,GAGGAGGACGGACGGACGGA,26417,4480911,58.95935526,,,,,,
48,TTCTTTTCAACTTTCCCTTA,24684,4505595,59.28414474,,,,,,
49,GAAACCTCCCGTGGAGCAGA,24198,4529793,59.60253947,,,,,,
50,GGTACTATATCTATTGCGCC,23663,4553456,59.91389474,,,,,,
51,CTGTTCACTCGCCGTTACTG,22345,4575801,60.20790789,,,,,,
52,CATTAATCAAGAACGAAAGT,20836,4596637,60.48206579,,,,,,
53,ACTAACATTAGTTCTTCTAT,19180,4615817,60.73443421,,,,,,
54,TACGCCGGCTTCTATTGACT,18367,4634184,60.97610526,,,,,,
55,GAGGGTGAACTCACTGGAAC,17783,4651967,61.21009211,,,,,,
56,CTTTGCAACCATACTCCCCC,17290,4669257,61.43759211,,,,,,
57,AGAGCGGTCGCGCCGTGGGA,15267,4684524,61.63847368,,,,,,
58,CCTAGCAGCCGACTTAGAAC,14819,4699343,61.83346053,,,,,,
59,TAACTAGAAATAACTTTGCA,14392,4713735,62.02282895,,,,,,
60,AAAAATTTAACACCCATAGT,13909,4727644,62.20584211,,,,,,
61,CTTATGAGCATGCCTGTGTT,13043,4740687,62.37746053,,,,,,
62,CAAATTCCTCCCTGTACGAA,12898,4753585,62.54717105,,,,,,
63,CTAACACGTGCGCGAGTCGG,12741,4766326,62.71481579,,,,,,
64,GGCGACGGGTCTCGCTCCCT,12578,4778904,62.88031579,,,,,,
65,TTAGGACCTGTGGGTTTGTT,12488,4791392,63.04463158,,,,,,
66,AGGGCTGGGTCGGTCGGGCT,12387,4803779,63.20761842,,,,,,
67,TGAAACTTAAGGGTCGAAGG,11249,4815028,63.35563158,,,,,,
68,GCGACGTCGCTATGAACGCT,11015,4826043,63.50056579,,,,,,
69,CGCGGTGGAAATGCGCCCGG,10917,4836960,63.64421053,,,,,,
70,TTAATCACTGCTGTTTCCCG,10229,4847189,63.77880263,,,,,,
71,CGTAAACCCTATTGTTGATA,10136,4857325,63.91217105,,,,,,
72,CGGAGAGGGGCTGACCGGGT,10033,4867358,64.04418421,,,,,,
73,GTAGTCTATTTTGTGTCAAC,10024,4877382,64.17607895,,,,,,
74,TTACCGCACTGGACGCCTCG,9953,4887335,64.30703947,,,,,,
75,TTAAACATGTGTCACTGGGC,8989,4896324,64.42531579,,,,,,
76,GGCGACAAACCTACCGAGCC,8781,4905105,64.54085526,,,,,,
77,CGGTACAGTGAAACTGCGAA,8752,4913857,64.65601316,,,,,,
78,AGCTTATGACCCGCACTTAC,8171,4922028,64.76352632,,,,,,
79,GACTACCATCGAAAGTTGAT,8135,4930163,64.87056579,,,,,,
80,TTCAGTCATAATCCCACAGA,7147,4937310,64.96460526,,,,,,
81,CTCCGCCGTCCCCCTCTTCG,7038,4944348,65.05721053,,,,,,
82,GCCTCACACCGTCCACGGGC,6980,4951328,65.14905263,,,,,,
83,GTATAGTAGTTCGCTTTGAC,6888,4958216,65.23968421,,,,,,
84,CCGTCGCCGGCAGTCGAGAG,6885,4965101,65.33027632,,,,,,
85,GAGAGCTCACCGGACGCCGC,6689,4971790,65.41828947,,,,,,
86,GGGGCTGTAACACTCGGGGG,6441,4978231,65.50303947,,,,,,
87,GCGCTCGTGCTCCACCTCCC,5958,4984189,65.58143421,,,,,,
88,GTGGATCGCCCCAGCTGCGG,5939,4990128,65.65957895,,,,,,
89,AGTCTTTCGCCCCTATACCC,5482,4995610,65.73171053,,,,,,
90,TAGAATAAGTGGGAGGCCCC,5265,5000875,65.80098684,,,,,,
91,CGTCTTCTCAGCGCTCCGCC,5128,5006003,65.86846053,,,,,,
92,GGAGGGGTCGGGAGGAACGG,4873,5010876,65.93257895,,,,,,
93,AAATTTACAAGGGGATTTAG,4793,5015669,65.99564474,,,,,,
94,CGTACTGAGCAGGATTACCA,4644,5020313,66.05675,,,,,,
95,GGGAGGAGGGGAGGAGGCGT,4382,5024695,66.11440789,,,,,,
96,GTTGGGGGACGCCGACCGCT,4018,5028713,66.16727632,,,,,,
97,CTGTATGAATGGCTCCACGA,3580,5032293,66.21438158,,,,,,
98,TGCACGCGCGCTACACTGAC,3535,5035828,66.26089474,,,,,,
99,TCGTCACTACCTCCCCGGGT,3476,5039304,66.30663158,,,,,,
100,AGACAGCAGGACGGTGGCCA,3470,5042774,66.35228947,,,,,,
101,GAGACGGGGGAGGAGGAGGA,3363,5046137,66.39653947,,,,,,
102,TAATTAGATGACGAGGCATT,3163,5049300,66.43815789,,,,,,
103,AGAAGCCCGGCTCGCTGGCG,3002,5052302,66.47765789,,,,,,
104,CCCCGAGGGGCTCTCGCTTC,2923,5055225,66.51611842,,,,,,
105,AAAAGCTCGTAGTTGGATCT,2664,5057889,66.55117105,,,,,,
106,TCAGTGTTTTAATCTGACGC,2602,5060491,66.58540789,,,,,,
107,TTAAGCATATTAGTCAGCGG,2436,5062927,66.61746053,,,,,,
108,CGAAACCCCGACCCAGAAGC,2383,5065310,66.64881579,,,,,,
109,GAGAACTTTGAAGGCCGAAG,2372,5067682,66.68002632,,,,,,
110,TCACCTTCATTGCGCCACGG,2340,5070022,66.71081579,,,,,,
111,CTGCGGTATCCAGGCGGCTC,2292,5072314,66.74097368,,,,,,
112,GTGAACAGCCTCTGGCATGT,2286,5074600,66.77105263,,,,,,
113,TCGTCCTGGGAAACGGGGCG,2171,5076771,66.79961842,,,,,,
114,CATCGCGTCAACACCCGCCG,2127,5078898,66.82760526,,,,,,
115,ACTGCGTGGCGGGGGTGCGT,1938,5080836,66.85310526,,,,,,
116,CTGTCAATCCTGTCCGTGTC,1934,5082770,66.87855263,,,,,,
117,GATCCATTGGAGGGCAAGTC,1877,5084647,66.90325,,,,,,
118,CTTGGCAAATGCTTTCGCTC,1839,5086486,66.92744737,,,,,,
119,CCCGCCCAGGCGGAACGATA,1776,5088262,66.95081579,,,,,,
120,ACGGTAACGCAGGTGTCCTA,1712,5089974,66.97334211,,,,,,
121,ATGGAGTTTACCACCCGCTT,1670,5091644,66.99531579,,,,,,
122,GATGGTGCAGCCGCTATTAA,1614,5093258,67.01655263,,,,,,
123,TGAAGCCTAGGGCGCGGGCC,1574,5094832,67.03726316,,,,,,
124,AGCAAGACGAGAAGACCCTA,1549,5096381,67.05764474,,,,,,
125,AGGGCTATCGTAGTTTTCTG,1503,5097884,67.07742105,,,,,,
126,GAGAAGGGTCGGGGCGGCAG,1473,5099357,67.09680263,,,,,,
127,CGAATACAGACCGTGAAAGC,1374,5100731,67.11488158,,,,,,
128,ACGGCTACCACATCCAAGGA,1357,5102088,67.13273684,,,,,,
129,GAGGAGTTCAGTTATATGTT,1342,5103430,67.15039474,,,,,,
130,CGTGCGTACTTAGACATGCA,1321,5104751,67.16777632,,,,,,
131,ACGGGCGCTGACCCCCTTCG,1293,5106044,67.18478947,,,,,,
132,GGAGGATTCAACCCGGCGGC,1280,5107324,67.20163158,,,,,,
133,ATGGTTTGGCTAAGGTTGTC,1256,5108580,67.21815789,,,,,,
134,GGGGAGGAGGGGTGGGAGAG,1220,5109800,67.23421053,,,,,,
135,GCACGGTGAAGAGACATGAG,1213,5111013,67.25017105,,,,,,
136,CGGCGACTCTGGACGCGAGC,1157,5112170,67.26539474,,,,,,
137,ATGGGTCGTCGCCGCCACGG,1141,5113311,67.28040789,,,,,,
138,AGAGTGGACGGGAGCGGCGG,1139,5114450,67.29539474,,,,,,
139,CGAGCGCCGTTCCGAAGGGA,1113,5115563,67.31003947,,,,,,
140,AGTTGGTGGAGCGATTTGTC,1100,5116663,67.32451316,,,,,,
141,GGAAGCTGCCCGGCGGGTCA,1091,5117754,67.33886842,,,,,,
142,GGTAAGCAGAACTGGCGCTG,1037,5118791,67.35251316,,,,,,
143,ATAGGAAGAGCCGACATCGA,1018,5119809,67.36590789,,,,,,
144,TTTGTTGGTTTTCGGAACTG,979,5120788,67.37878947,,,,,,
145,CGTACGGAAGACCCGCTCCC,916,5121704,67.39084211,,,,,,
146,AGAACCTCCCCCGGGCCCGA,903,5122607,67.40272368,,,,,,
147,CGCGCGACGAGACGTGGGGT,884,5123491,67.41435526,,,,,,
148,TTACCCGCGCCTGCCGGCGT,871,5124362,67.42581579,,,,,,
149,GAAACGGGGCGCGGCCGGAA,858,5125220,67.43710526,,,,,,
150,CTTCCCAGCCGTCCCGGAGC,836,5126056,67.44810526,,,,,,